# fd2bec sparse matrix
# shape: 9 45
# zero_tolerance: 1.0e-05
# row column value
0 0 -3.979613480305e-01
0 1 2.956458840876e-01
0 2 2.952903286867e-01
0 3 2.956458841362e-01
0 4 -3.986737429789e-01
0 5 2.949347736321e-01
0 6 2.952903283978e-01
0 7 2.949347735848e-01
0 8 -3.993835711696e-01
1 9 -3.979613702495e-01
1 10 2.956458690950e-01
1 11 2.952903137121e-01
1 12 2.956458691436e-01
1 13 -3.986737651617e-01
1 14 2.949347586756e-01
1 15 2.952903134233e-01
1 16 2.949347586283e-01
1 17 -3.993835933164e-01
2 18 2.810787573028e-01
2 19 -2.857492929691e-01
2 20 -5.772983608414e-02
2 21 -2.857492929542e-01
2 22 2.817673055437e-01
2 23 -5.766032451344e-02
2 24 -1.234451242423e-02
2 25 -1.232964868701e-02
2 26 -6.832334666883e-02
2 27 -6.849181048866e-02
2 28 -1.226719652222e-02
2 29 -1.225244313538e-02
2 30 -5.765248733705e-02
2 31 2.811635045684e-01
2 32 -2.856650617416e-01
2 33 -5.758315163360e-02
2 34 -2.856650617847e-01
2 35 2.818510225717e-01
2 36 2.810787572641e-01
2 37 -5.807365412881e-02
2 38 -2.856796163100e-01
2 39 -1.268836338917e-02
2 40 -6.840706302372e-02
2 41 -1.190826170078e-02
2 42 -2.857342312534e-01
2 43 -5.723893739769e-02
2 44 2.818510223587e-01
3 18 -7.659221248716e-02
3 19 1.462325715464e-02
3 20 -1.153327423088e-01
3 21 1.462325714419e-02
3 22 -7.662744918144e-02
3 23 -1.151938720741e-01
3 24 -1.212807517441e-01
3 25 -1.211347195932e-01
3 26 -5.149889420647e-01
3 27 -5.155570910626e-01
3 28 -1.207341967862e-01
3 29 -1.205889968034e-01
3 30 -1.147861916567e-01
3 31 -7.630781753967e-02
3 32 1.490733154046e-02
3 33 -1.146481450074e-01
3 34 1.490733151056e-02
3 35 -7.634369525341e-02
3 36 -7.659221236205e-02
3 37 -1.153150614848e-01
3 38 1.476203382048e-02
3 39 -1.212630666095e-01
3 40 -5.152726960752e-01
3 41 -1.206068698103e-01
3 42 1.476919142489e-02
3 43 -1.146660223031e-01
3 44 -7.634369521626e-02
4 9 -4.182834548196e-01
4 10 -2.822433460988e-01
4 11 -2.819039086544e-01
4 12 -2.822433461452e-01
4 13 -4.176033552935e-01
4 14 -2.815644724694e-01
4 15 -2.819039089541e-01
4 16 -2.815644724243e-01
4 17 -4.169257060014e-01
5 0 -4.182834759590e-01
5 1 -2.822433303943e-01
5 2 -2.819038929688e-01
5 3 -2.822433304407e-01
5 4 -4.176033764707e-01
5 5 -2.815644568027e-01
5 6 -2.819038932685e-01
5 7 -2.815644567576e-01
5 8 -4.169257272163e-01
6 18 1.398846115294e-01
6 19 9.477593224177e-02
6 20 3.258836749747e-01
6 21 9.477593216464e-02
6 22 1.396562375604e-01
6 23 3.254912831857e-01
6 24 8.580903240608e-02
6 25 8.570571092588e-02
6 26 -2.223587317002e-01
6 27 -2.213665773269e-01
6 28 8.635826008001e-02
6 29 8.625440236428e-02
6 30 3.264327291191e-01
6 31 1.393878006789e-01
6 32 9.427985542687e-02
6 33 3.260401483330e-01
6 34 9.427985566129e-02
6 35 1.391608944276e-01
6 36 1.398846114922e-01
6 37 3.259974894850e-01
6 38 9.438370725701e-02
6 39 8.592302053018e-02
6 40 -2.218633879821e-01
6 41 8.614075047123e-02
6 42 9.467260379883e-02
6 43 3.259263223596e-01
6 44 1.391608944282e-01
7 18 2.682501431856e-02
7 19 5.529080051991e-02
7 20 -1.591290963884e-01
7 21 5.529080072601e-02
7 22 2.669178446604e-02
7 23 -1.589374914481e-01
7 24 3.636990487712e-01
7 25 3.632611241080e-01
7 26 -1.047297356094e-01
7 27 -1.042368512047e-01
7 28 3.639232257036e-01
7 29 3.634855572347e-01
7 30 -1.589045415433e-01
7 31 2.657819562644e-02
7 32 5.504435894897e-02
7 33 -1.587134366000e-01
7 34 5.504435859889e-02
7 35 2.644571878418e-02
7 36 2.682501426384e-02
7 37 -1.590624463141e-01
7 38 5.548225023567e-02
7 39 3.637653208071e-01
7 40 -1.044836696841e-01
7 41 3.634189753866e-01
7 42 5.485309906195e-02
7 43 -1.587796394185e-01
7 44 2.644571879784e-02
8 18 2.480080393520e-01
8 19 2.697413143245e-01
8 20 -1.367876238082e-01
8 21 2.697413143257e-01
8 22 2.473580646686e-01
8 23 -1.366229198373e-01
8 24 -1.112019448220e-01
8 25 -1.110680481857e-01
8 26 5.513547219845e-02
8 27 5.453997097465e-02
8 28 -1.106441750605e-01
8 29 -1.105111100294e-01
8 30 -1.362298355542e-01
8 31 2.483057576553e-01
8 32 2.700390651012e-01
8 33 -1.360660001988e-01
8 34 2.700390650467e-01
8 35 2.476558474077e-01
8 36 2.480080402186e-01
8 37 -1.364629280084e-01
8 38 2.699057242578e-01
8 39 -1.108772674617e-01
8 40 5.483768831372e-02
8 41 -1.108363756424e-01
8 42 2.698749354410e-01
8 43 -1.363912473164e-01
8 44 2.476558475196e-01
